%YAML:1.0

# output directory
output_dir: "/home/itaouil/datasets/VIO/Robodog/"

# switches
if_FEJ: 1    # 0(false) or 1(true)
estimate_td: 1    # 0(false) or 1(true)
estimate_extrin: 0   # 0(false) or 1(true)
calib_imu_instrinsic: 0    # 0(false) or 1(true)

# camera instrinsic (1280x800)
camera_model: "plumb_bob"       # support "pinhole" and "plumb_bob"
distortion_model: ""    # only support "radtan" and "equidistant" for pinhole
resolution_width: 1280
resolution_height: 800
intrinsics:
    fx: 633.488891601562
    fy: 632.841979980469
    cx: 638.784301757812
    cy: 399.088897705078
distortion_coeffs:
    k1: -0.0603683330118656
    k2: 0.0706426501274109
    p1: -0.000265250680968165
    p2: 0.000434541725553572
    k3: -0.0222842656075954

# camera instrinsic (848x480)
#camera_model: "plumb_bob"       # support "pinhole" and "plumb_bob"
#distortion_model: ""    # only support "radtan" and "equidistant" for pinhole
#resolution_width: 848
#resolution_height: 480
#intrinsics:
#   fx: 419.686370849609
#   fy: 419.2578125
#   cx: 423.194580078125
#   cy: 239.396392822266
#distortion_coeffs:
#   k1: -0.0603683330118656
#   k2: 0.0706426501274109
#   p1: -0.000265250680968165
#   p2: 0.000434541725553572
#   k3: -0.0222842656075954

## camera instrinsic (640x360)
#camera_model: "plumb_bob"       # support "pinhole" and "plumb_bob"
#distortion_model: ""    # only support "radtan" and "equidistant" for pinhole
#resolution_width: 640
#resolution_height: 360
#intrinsics:
#   fx: 316.744445800781
#   fy: 316.420989990234
#   cx: 319.392150878906
#   cy: 179.544448852539
#distortion_coeffs:
#   k1: -0.0603683330118656
#   k2: 0.0706426501274109
#   p1: -0.000265250680968165
#   p2: 0.000434541725553572
#   k3: -0.0222842656075954

# imu-camera extrinsic, including spacial and temporal parameters
T_cam_imu: !!opencv-matrix
    rows: 4
    cols: 4
    dt: d
    data:
        [0.999998,  -0.000865696, 0.00202438, -0.028900409117341,
        0.000866464,  1, -0.00037846, -0.00739984633401036,
        -0.00202405,  0.000380213,  0.999998, -0.0154678728431463,
        0.0, 0.0, 0.0, 1.0]
td: 0.0

# visual front-end parameters
pyramid_levels: 2
patch_size: 15
fast_threshold: 30
max_iteration: 30
track_precision: 0.01
ransac_threshold: 1
max_features_num: 200
min_distance: 15
flag_equalize: 1    # 0(false) or 1(true)
pub_frequency: 35

# window size
sw_size: 10

# online reset thresholds
rotation_threshold: 0.2618
translation_threshold: 0.4
position_std_threshold: 8.0
tracking_rate_threshold: 0.5

# feature triangulation parameters
max_track_len: 10
least_observation_number: 3
feature_translation_threshold: -1.0

# imu and camera measurement noise parameters
noise_acc: 0.08
noise_gyro: 0.004
noise_acc_bias: 4e-5
noise_feature: 0.008
noise_gyro_bias: 2e-6

# filter initial covariance
initial_covariance_velocity: 0.25
initial_covariance_position: 1.0
initial_covariance_acc_bias: 0.01
initial_covariance_gyro_bias: 4e-4
initial_covariance_orientation: 4e-4
initial_covariance_extrin_trans: 9e-8
initial_covariance_extrin_rot: 3.0462e-8

# fej settings
reset_fej_threshold: 10.11

# zupt settings
if_ZUPT_valid: 1    # 0(false) or 1(true)
zupt_noise_v: 1e-2    # std
zupt_noise_p: 1e-2
zupt_noise_q: 3.4e-2
zupt_max_feature_dis: 2e-3

# static initialization setting
static_duration: 1.0

# measurement rate
imu_rate: 400
img_rate: 30

# augmented feature state settings
max_features_in_one_grid: 1     # pure msckf if set to 0
aug_grid_rows: 5
aug_grid_cols: 6
feature_idp_dim: 1              # 1 or 3

# if apply Schmidt filter
use_schmidt: 0    # 0(false) or 1(true)